#
#
#  Percent Identity  Matrix - created by Clustal2.1 
#
#

     1: M19961.1        100.00   96.76   96.56   96.96   96.13   96.13
     2: XM_001154903.7   96.76  100.00   99.64   99.28   97.65   98.18
     3: XM_003806138.6   96.56   99.64  100.00   99.11   97.51   97.98
     4: XM_004031463.5   96.96   99.28   99.11  100.00   97.53   98.38
     5: XM_054475918.2   96.13   97.65   97.51   97.53  100.00   99.39
     6: NM_001428040.1   96.13   98.18   97.98   98.38   99.39  100.00
