#
#
#  Percent Identity  Matrix - created by Clustal2.1 
#
#

     1: M19961.1        100.00   96.15   97.91   97.17   96.96   96.96
     2: XM_054475918.2   96.15  100.00   99.39   97.61   97.74   97.60
     3: NM_001428040.1   97.91   99.39  100.00   98.59   98.38   98.18
     4: XM_004031463.5   97.17   97.61   98.59  100.00   99.28   99.11
     5: XM_001154903.7   96.96   97.74   98.38   99.28  100.00   99.64
     6: XM_003806138.6   96.96   97.60   98.18   99.11   99.64  100.00
